      z[m]      p[mb]      tp[K]    q[g/kg]     u[m/s]     v[m/s]
      0.00,         64,    1009.32
     25.00000000	   1006.42782145	    295.08364088	     12.55820305	      0.00000000	      0.00000000
     75.00000000	   1000.66148853	    294.97202884	     12.02095924	      0.00000000	      0.00000000
    127.84809875	    994.59028392	    295.01501959	     11.88021073	      0.00000000	      0.00000000
    186.71687317	    987.85906197	    295.07581351	     11.79861825	      0.00000000	      0.00000000
    252.29220581	    980.40058842	    295.14352151	     11.72545820	      0.00000000	      0.00000000
    325.33816528	    972.14134889	    295.21650633	     11.63470648	      0.00000000	      0.00000000
    406.70581055	    963.00157843	    295.30039850	     11.51350287	      0.00000000	      0.00000000
    497.34317017	    952.89523294	    295.40556894	     11.34022867	      0.00000000	      0.00000000
    598.30627441	    941.73011768	    295.55019317	     11.08809534	      0.00000000	      0.00000000
    710.77154541	    929.40838327	    295.76475916	     10.72103266	      0.00000000	      0.00000000
    836.04931641	    915.82740874	    296.08228395	     10.22489099	      0.00000000	      0.00000000
    975.59924316	    900.88042229	    296.50903605	      9.64882809	      0.00000000	      0.00000000
   1131.04724121	    884.45683346	    297.03345134	      9.06501649	      0.00000000	      0.00000000
   1304.20446777	    866.44294228	    297.64647662	      8.50704961	      0.00000000	      0.00000000
   1497.08850098	    846.72324547	    298.34363725	      7.97860571	      0.00000000	      0.00000000
   1711.94665527	    825.18250744	    299.12805346	      7.46906733	      0.00000000	      0.00000000
   1951.28234863	    801.70888382	    300.01503461	      6.96172256	      0.00000000	      0.00000000
   2217.88403320	    776.19812578	    301.02799882	      6.43711332	      0.00000000	      0.00000000
   2514.85815430	    748.55822682	    302.18781599	      5.88047161	      0.00000000	      0.00000000
   2845.66479492	    718.71468859	    303.51212773	      5.28245520	      0.00000000	      0.00000000
   3214.15820312	    686.61670598	    305.01778635	      4.63764279	      0.00000000	      0.00000000
   3624.63183594	    652.24396116	    306.71031101	      3.95264917	      0.00000000	      0.00000000
   4081.86840820	    615.61396191	    308.55881160	      3.25622113	      0.00000000	      0.00000000
   4581.86816406	    577.48575736	    310.47082241	      2.59200019	      0.00000000	      0.00000000
   5081.86816406	    541.27984446	    312.26894528	      2.02041382	      0.00000000	      0.00000000
   5581.86816406	    506.90176150	    313.95916432	      1.53203117	      0.00000000	      0.00000000
   6081.86816406	    474.26786913	    315.50818408	      1.12509183	      0.00000000	      0.00000000
   6581.86816406	    443.29543654	    316.86880027	      0.80186236	      0.00000000	      0.00000000
   7081.86816406	    413.90434237	    318.03066739	      0.55720507	      0.00000000	      0.00000000
   7581.86816406	    386.02033512	    319.01924322	      0.37897652	      0.00000000	      0.00000000
   8081.86816406	    359.57565890	    319.85635149	      0.25393268	      0.00000000	      0.00000000
   8581.86816406	    334.50779152	    320.55740207	      0.16853523	      0.00000000	      0.00000000
   9081.86816406	    310.75890467	    321.14668232	      0.11095347	      0.00000000	      0.00000000
   9581.86816406	    288.27612306	    321.66381178	      0.07243661	      0.00000000	      0.00000000
  10081.86816406	    267.01157285	    322.15742179	      0.04702811	      0.00000000	      0.00000000
  10581.86816406	    246.92208501	    322.68679965	      0.03054003	      0.00000000	      0.00000000
  11081.86816406	    227.96956201	    323.34760056	      0.01987397	      0.00000000	      0.00000000
  11581.86816406	    210.12319974	    324.32978000	      0.01287632	      0.00000000	      0.00000000
  12081.86816406	    193.36342975	    325.97668047	      0.00832404	      0.00000000	      0.00000000
  12581.86816406	    177.68114718	    328.62609925	      0.00562555	      0.00000000	      0.00000000
  13081.86816406	    163.07565868	    332.76716040	      0.00429060	      0.00000000	      0.00000000
  13581.86816406	    149.55276859	    338.95555871	      0.00388107	      0.00000000	      0.00000000
  14081.86816406	    137.11184733	    347.36721678	      0.00410529	      0.00000000	      0.00000000
  14581.86816406	    125.72534533	    357.47114323	      0.00483164	      0.00000000	      0.00000000
  15081.86816406	    115.32986985	    368.31675668	      0.00587691	      0.00000000	      0.00000000
  15581.86816406	    105.83770849	    379.12998852	      0.00703928	      0.00000000	      0.00000000
  16081.86816406	     97.15622427	    389.56094698	      0.00816922	      0.00000000	      0.00000000
  16581.86718750	     89.20044561	    399.54367595	      0.00916986	      0.00000000	      0.00000000
  17081.86718750	     81.89673339	    409.13087496	      0.00996720	      0.00000000	      0.00000000
  17581.86718750	     75.18259861	    418.45400225	      0.01049990	      0.00000000	      0.00000000
  18081.86718750	     69.00652942	    427.86279230	      0.01078360	      0.00000000	      0.00000000
  18581.86718750	     63.33063605	    438.32675918	      0.01087142	      0.00000000	      0.00000000
  19081.86718750	     58.12653398	    450.26280385	      0.01087355	      0.00000000	      0.00000000
  19581.86718750	     53.36345322	    463.02127210	      0.01082773	      0.00000000	      0.00000000
  20081.86718750	     49.00309536	    475.64507153	      0.01072258	      0.00000000	      0.00000000
  20590.05468750	     44.94046550	    487.67797617	      0.01052118	      0.00000000	      0.00000000
  21149.06054688	     40.85539668	    500.25565763	      0.01011326	      0.00000000	      0.00000000
  21763.96679688	     36.78163062	    514.41481450	      0.00931073	      0.00000000	      0.00000000
  22440.36328125	     32.76192322	    531.19092770	      0.00790397	      0.00000000	      0.00000000
  23184.40039062	     28.84424822	    551.06435792	      0.00583580	      0.00000000	      0.00000000
  24002.83984375	     25.07542162	    574.03766477	      0.00338879	      0.00000000	      0.00000000
  24903.12304688	     21.49783856	    600.16243484	      0.00120784	      0.00000000	      0.00000000
  25893.43554688	     18.14988327	    630.02202608	      0.00001809	      0.00000000	      0.00000000
  26982.77929688	     15.06815686	    664.56026423	      0.00000000	      0.00000000	      0.00000000
  10000.00,         64,    1009.32
     25.00000000	   1006.42782145	    295.08364088	     12.55820305	      0.00000000	      0.00000000
     75.00000000	   1000.66148853	    294.97202884	     12.02095924	      0.00000000	      0.00000000
    127.84809875	    994.59028392	    295.01501959	     11.88021073	      0.00000000	      0.00000000
    186.71687317	    987.85906197	    295.07581351	     11.79861825	      0.00000000	      0.00000000
    252.29220581	    980.40058842	    295.14352151	     11.72545820	      0.00000000	      0.00000000
    325.33816528	    972.14134889	    295.21650633	     11.63470648	      0.00000000	      0.00000000
    406.70581055	    963.00157843	    295.30039850	     11.51350287	      0.00000000	      0.00000000
    497.34317017	    952.89523294	    295.40556894	     11.34022867	      0.00000000	      0.00000000
    598.30627441	    941.73011768	    295.55019317	     11.08809534	      0.00000000	      0.00000000
    710.77154541	    929.40838327	    295.76475916	     10.72103266	      0.00000000	      0.00000000
    836.04931641	    915.82740874	    296.08228395	     10.22489099	      0.00000000	      0.00000000
    975.59924316	    900.88042229	    296.50903605	      9.64882809	      0.00000000	      0.00000000
   1131.04724121	    884.45683346	    297.03345134	      9.06501649	      0.00000000	      0.00000000
   1304.20446777	    866.44294228	    297.64647662	      8.50704961	      0.00000000	      0.00000000
   1497.08850098	    846.72324547	    298.34363725	      7.97860571	      0.00000000	      0.00000000
   1711.94665527	    825.18250744	    299.12805346	      7.46906733	      0.00000000	      0.00000000
   1951.28234863	    801.70888382	    300.01503461	      6.96172256	      0.00000000	      0.00000000
   2217.88403320	    776.19812578	    301.02799882	      6.43711332	      0.00000000	      0.00000000
   2514.85815430	    748.55822682	    302.18781599	      5.88047161	      0.00000000	      0.00000000
   2845.66479492	    718.71468859	    303.51212773	      5.28245520	      0.00000000	      0.00000000
   3214.15820312	    686.61670598	    305.01778635	      4.63764279	      0.00000000	      0.00000000
   3624.63183594	    652.24396116	    306.71031101	      3.95264917	      0.00000000	      0.00000000
   4081.86840820	    615.61396191	    308.55881160	      3.25622113	      0.00000000	      0.00000000
   4581.86816406	    577.48575736	    310.47082241	      2.59200019	      0.00000000	      0.00000000
   5081.86816406	    541.27984446	    312.26894528	      2.02041382	      0.00000000	      0.00000000
   5581.86816406	    506.90176150	    313.95916432	      1.53203117	      0.00000000	      0.00000000
   6081.86816406	    474.26786913	    315.50818408	      1.12509183	      0.00000000	      0.00000000
   6581.86816406	    443.29543654	    316.86880027	      0.80186236	      0.00000000	      0.00000000
   7081.86816406	    413.90434237	    318.03066739	      0.55720507	      0.00000000	      0.00000000
   7581.86816406	    386.02033512	    319.01924322	      0.37897652	      0.00000000	      0.00000000
   8081.86816406	    359.57565890	    319.85635149	      0.25393268	      0.00000000	      0.00000000
   8581.86816406	    334.50779152	    320.55740207	      0.16853523	      0.00000000	      0.00000000
   9081.86816406	    310.75890467	    321.14668232	      0.11095347	      0.00000000	      0.00000000
   9581.86816406	    288.27612306	    321.66381178	      0.07243661	      0.00000000	      0.00000000
  10081.86816406	    267.01157285	    322.15742179	      0.04702811	      0.00000000	      0.00000000
  10581.86816406	    246.92208501	    322.68679965	      0.03054003	      0.00000000	      0.00000000
  11081.86816406	    227.96956201	    323.34760056	      0.01987397	      0.00000000	      0.00000000
  11581.86816406	    210.12319974	    324.32978000	      0.01287632	      0.00000000	      0.00000000
  12081.86816406	    193.36342975	    325.97668047	      0.00832404	      0.00000000	      0.00000000
  12581.86816406	    177.68114718	    328.62609925	      0.00562555	      0.00000000	      0.00000000
  13081.86816406	    163.07565868	    332.76716040	      0.00429060	      0.00000000	      0.00000000
  13581.86816406	    149.55276859	    338.95555871	      0.00388107	      0.00000000	      0.00000000
  14081.86816406	    137.11184733	    347.36721678	      0.00410529	      0.00000000	      0.00000000
  14581.86816406	    125.72534533	    357.47114323	      0.00483164	      0.00000000	      0.00000000
  15081.86816406	    115.32986985	    368.31675668	      0.00587691	      0.00000000	      0.00000000
  15581.86816406	    105.83770849	    379.12998852	      0.00703928	      0.00000000	      0.00000000
  16081.86816406	     97.15622427	    389.56094698	      0.00816922	      0.00000000	      0.00000000
  16581.86718750	     89.20044561	    399.54367595	      0.00916986	      0.00000000	      0.00000000
  17081.86718750	     81.89673339	    409.13087496	      0.00996720	      0.00000000	      0.00000000
  17581.86718750	     75.18259861	    418.45400225	      0.01049990	      0.00000000	      0.00000000
  18081.86718750	     69.00652942	    427.86279230	      0.01078360	      0.00000000	      0.00000000
  18581.86718750	     63.33063605	    438.32675918	      0.01087142	      0.00000000	      0.00000000
  19081.86718750	     58.12653398	    450.26280385	      0.01087355	      0.00000000	      0.00000000
  19581.86718750	     53.36345322	    463.02127210	      0.01082773	      0.00000000	      0.00000000
  20081.86718750	     49.00309536	    475.64507153	      0.01072258	      0.00000000	      0.00000000
  20590.05468750	     44.94046550	    487.67797617	      0.01052118	      0.00000000	      0.00000000
  21149.06054688	     40.85539668	    500.25565763	      0.01011326	      0.00000000	      0.00000000
  21763.96679688	     36.78163062	    514.41481450	      0.00931073	      0.00000000	      0.00000000
  22440.36328125	     32.76192322	    531.19092770	      0.00790397	      0.00000000	      0.00000000
  23184.40039062	     28.84424822	    551.06435792	      0.00583580	      0.00000000	      0.00000000
  24002.83984375	     25.07542162	    574.03766477	      0.00338879	      0.00000000	      0.00000000
  24903.12304688	     21.49783856	    600.16243484	      0.00120784	      0.00000000	      0.00000000
  25893.43554688	     18.14988327	    630.02202608	      0.00001809	      0.00000000	      0.00000000
  26982.77929688	     15.06815686	    664.56026423	      0.00000000	      0.00000000	      0.00000000
